version = 'gemm_1x8_raw';
gemm_my = [
40 2.666667e+00 0.000000e+00 
120 2.440678e+00 0.000000e+00 
200 2.521671e+00 0.000000e+00 
280 2.082436e+00 0.000000e+00 
360 2.074430e+00 0.000000e+00 
440 1.840642e+00 0.000000e+00 
520 2.026475e+00 0.000000e+00 
600 2.012054e+00 0.000000e+00 
680 1.982904e+00 0.000000e+00 
760 1.892060e+00 0.000000e+00 
840 1.881973e+00 0.000000e+00 
920 1.817354e+00 0.000000e+00 
1000 1.760669e+00 0.000000e+00 
1080 1.722119e+00 0.000000e+00 
1160 1.467637e+00 0.000000e+00 
1240 1.574666e+00 0.000000e+00 
1320 1.648154e+00 0.000000e+00 
1400 1.533628e+00 0.000000e+00 
1480 1.527679e+00 0.000000e+00 
1560 1.503601e+00 0.000000e+00 
1640 1.429621e+00 0.000000e+00 
1720 1.351698e+00 0.000000e+00 
1800 1.328636e+00 0.000000e+00 
1880 1.277186e+00 0.000000e+00 
1960 1.265057e+00 0.000000e+00 
2040 1.177872e+00 0.000000e+00 
];
