version = 'gemm_8x8_blocking_pack_ab_sse';
gemm_my = [
40 8.533333e+00 1.907349e-06 
120 8.018561e+00 5.722046e-06 
200 8.923592e+00 1.239777e-05 
280 8.528361e+00 1.716614e-05 
360 8.707727e+00 2.479553e-05 
440 9.051055e+00 3.433228e-05 
520 9.260884e+00 3.433228e-05 
600 9.401114e+00 3.814697e-05 
680 9.236590e+00 4.196167e-05 
760 9.402632e+00 6.484985e-05 
840 9.479927e+00 6.484985e-05 
920 9.434754e+00 6.866455e-05 
1000 8.675472e+00 8.773804e-05 
1080 9.124480e+00 8.010864e-05 
1160 9.010099e+00 1.182556e-04 
1240 9.540132e+00 1.144409e-04 
1320 9.478092e+00 1.182556e-04 
1400 9.341006e+00 1.335144e-04 
1480 9.621145e+00 1.144409e-04 
1560 9.605635e+00 1.411438e-04 
1640 9.595632e+00 1.373291e-04 
1720 9.572624e+00 1.373291e-04 
1800 9.428982e+00 1.373291e-04 
1880 9.386224e+00 1.564026e-04 
1960 9.650066e+00 1.449585e-04 
2040 9.446479e+00 1.678467e-04 
];
