version = 'gemm_8x8_raw';
gemm_my = [
40 2.560000e+00 0.000000e+00 
120 2.440678e+00 0.000000e+00 
200 2.530444e+00 0.000000e+00 
280 2.473744e+00 0.000000e+00 
360 2.433739e+00 0.000000e+00 
440 2.417493e+00 0.000000e+00 
520 2.418251e+00 0.000000e+00 
600 2.405680e+00 0.000000e+00 
680 2.374461e+00 0.000000e+00 
760 2.360467e+00 0.000000e+00 
840 2.291627e+00 0.000000e+00 
920 2.114733e+00 0.000000e+00 
1000 2.211736e+00 0.000000e+00 
1080 2.123212e+00 0.000000e+00 
1160 2.177636e+00 0.000000e+00 
1240 2.162289e+00 0.000000e+00 
1320 2.091946e+00 0.000000e+00 
1400 2.074665e+00 0.000000e+00 
1480 2.080261e+00 0.000000e+00 
1560 2.014679e+00 0.000000e+00 
1640 1.939077e+00 0.000000e+00 
1720 1.942545e+00 0.000000e+00 
1800 1.885845e+00 0.000000e+00 
1880 1.874710e+00 0.000000e+00 
1960 1.844339e+00 0.000000e+00 
2040 1.797493e+00 0.000000e+00 
];
