version = 'gemm_4x4_raw';
gemm_my = [
40 2.723404e+00 0.000000e+00 
120 2.488121e+00 0.000000e+00 
200 2.592353e+00 0.000000e+00 
280 2.077018e+00 0.000000e+00 
360 2.134456e+00 0.000000e+00 
440 2.133440e+00 0.000000e+00 
520 2.114613e+00 0.000000e+00 
600 2.068975e+00 0.000000e+00 
680 2.002063e+00 0.000000e+00 
760 1.959876e+00 0.000000e+00 
840 1.760866e+00 0.000000e+00 
920 1.804344e+00 0.000000e+00 
1000 1.831492e+00 0.000000e+00 
1080 1.784300e+00 0.000000e+00 
1160 1.752302e+00 0.000000e+00 
1240 1.752536e+00 0.000000e+00 
1320 1.725375e+00 0.000000e+00 
1400 1.661677e+00 0.000000e+00 
1480 1.684790e+00 0.000000e+00 
1560 1.626481e+00 0.000000e+00 
1640 1.574565e+00 0.000000e+00 
1720 1.521911e+00 0.000000e+00 
1800 1.481845e+00 0.000000e+00 
1880 1.417950e+00 0.000000e+00 
1960 1.410007e+00 0.000000e+00 
2040 1.322690e+00 0.000000e+00 
];
