version = 'gemm_8x1_raw';
gemm_my = [
40 2.509804e+00 0.000000e+00 
120 2.507983e+00 0.000000e+00 
200 2.455117e+00 0.000000e+00 
280 2.123017e+00 0.000000e+00 
360 1.879017e+00 0.000000e+00 
440 1.766771e+00 0.000000e+00 
520 1.771082e+00 0.000000e+00 
600 1.727924e+00 0.000000e+00 
680 1.686564e+00 0.000000e+00 
760 1.630796e+00 0.000000e+00 
840 1.605926e+00 0.000000e+00 
920 1.546014e+00 0.000000e+00 
1000 1.504643e+00 0.000000e+00 
1080 1.499920e+00 0.000000e+00 
1160 1.438595e+00 0.000000e+00 
1240 1.414972e+00 0.000000e+00 
1320 1.370270e+00 0.000000e+00 
1400 1.283310e+00 0.000000e+00 
1480 1.305210e+00 0.000000e+00 
1560 1.260776e+00 0.000000e+00 
1640 1.215009e+00 0.000000e+00 
1720 1.163122e+00 0.000000e+00 
1800 1.135423e+00 0.000000e+00 
1880 1.107656e+00 0.000000e+00 
1960 1.111859e+00 0.000000e+00 
2040 1.012401e+00 0.000000e+00 
];
