version = 'gemm_8x8_blocking_pack_ab_avx';
gemm_my = [
40 2.560000e+01 0.000000e+00 
120 2.146584e+01 0.000000e+00 
200 2.352941e+01 0.000000e+00 
280 2.238858e+01 0.000000e+00 
360 2.285938e+01 0.000000e+00 
440 2.020973e+01 0.000000e+00 
520 2.152273e+01 0.000000e+00 
600 2.147971e+01 0.000000e+00 
680 2.071903e+01 0.000000e+00 
760 1.937400e+01 0.000000e+00 
840 2.109192e+01 0.000000e+00 
920 2.090410e+01 0.000000e+00 
1000 2.164385e+01 0.000000e+00 
1080 2.170308e+01 0.000000e+00 
1160 2.122022e+01 0.000000e+00 
1240 2.146326e+01 0.000000e+00 
1320 2.137100e+01 0.000000e+00 
1400 2.151035e+01 0.000000e+00 
1480 2.163611e+01 0.000000e+00 
1560 2.133915e+01 0.000000e+00 
1640 2.043778e+01 0.000000e+00 
1720 2.135522e+01 0.000000e+00 
1800 2.074208e+01 0.000000e+00 
1880 2.063169e+01 0.000000e+00 
1960 2.152905e+01 0.000000e+00 
2040 2.157036e+01 0.000000e+00 
];
