version = 'gemm_8x8_blocking_sse';
gemm_my = [
40 8.533333e+00 1.907349e-06 
120 8.112676e+00 5.722046e-06 
200 8.606778e+00 1.239777e-05 
280 8.055780e+00 1.716614e-05 
360 7.620416e+00 2.479553e-05 
440 8.068577e+00 3.433228e-05 
520 8.177974e+00 3.433228e-05 
600 8.371769e+00 3.814697e-05 
680 7.286699e+00 4.196167e-05 
760 8.405637e+00 6.484985e-05 
840 8.392566e+00 6.484985e-05 
920 8.457060e+00 6.866455e-05 
1000 8.447480e+00 8.773804e-05 
1080 8.379673e+00 8.010864e-05 
1160 8.286352e+00 1.182556e-04 
1240 8.218667e+00 1.144409e-04 
1320 8.051418e+00 1.182556e-04 
1400 7.650444e+00 1.335144e-04 
1480 8.175402e+00 1.144409e-04 
1560 8.048182e+00 1.411438e-04 
1640 8.174016e+00 1.373291e-04 
1720 7.807751e+00 1.373291e-04 
1800 7.838283e+00 1.373291e-04 
1880 7.899702e+00 1.564026e-04 
1960 8.136868e+00 1.449585e-04 
2040 7.678642e+00 1.678467e-04 
];
