version = 'gemm_1x4_raw';
gemm_my = [
40 2.666667e+00 0.000000e+00 
120 2.365503e+00 0.000000e+00 
200 2.507051e+00 0.000000e+00 
280 2.174650e+00 0.000000e+00 
360 1.924832e+00 0.000000e+00 
440 1.871415e+00 0.000000e+00 
520 1.636490e+00 0.000000e+00 
600 1.826013e+00 0.000000e+00 
680 1.831714e+00 0.000000e+00 
760 1.791004e+00 0.000000e+00 
840 1.770127e+00 0.000000e+00 
920 1.718624e+00 0.000000e+00 
1000 1.663279e+00 0.000000e+00 
1080 1.643708e+00 0.000000e+00 
1160 1.624012e+00 0.000000e+00 
1240 1.578389e+00 0.000000e+00 
1320 1.541587e+00 0.000000e+00 
1400 1.399851e+00 0.000000e+00 
1480 1.432318e+00 0.000000e+00 
1560 1.371537e+00 0.000000e+00 
1640 1.268106e+00 0.000000e+00 
1720 1.203144e+00 0.000000e+00 
1800 1.191509e+00 0.000000e+00 
1880 1.122079e+00 0.000000e+00 
1960 1.120415e+00 0.000000e+00 
2040 1.023346e+00 0.000000e+00 
];
