version = 'gemm_baseline';
gemm_my = [
40 1.969231e+00 0.000000e+00 
120 1.888525e+00 0.000000e+00 
200 1.954079e+00 0.000000e+00 
280 1.830325e+00 0.000000e+00 
360 1.778252e+00 0.000000e+00 
440 1.731347e+00 0.000000e+00 
520 1.509998e+00 0.000000e+00 
600 1.526566e+00 0.000000e+00 
680 1.574100e+00 0.000000e+00 
760 1.568805e+00 0.000000e+00 
840 1.574370e+00 0.000000e+00 
920 1.561203e+00 0.000000e+00 
1000 1.555746e+00 0.000000e+00 
1080 1.564256e+00 0.000000e+00 
1160 1.521914e+00 0.000000e+00 
1240 1.497731e+00 0.000000e+00 
1320 1.492147e+00 0.000000e+00 
1400 1.300606e+00 0.000000e+00 
1480 1.364226e+00 0.000000e+00 
1560 1.333924e+00 0.000000e+00 
1640 1.210920e+00 0.000000e+00 
1720 1.092441e+00 0.000000e+00 
1800 1.120470e+00 0.000000e+00 
1880 9.409815e-01 0.000000e+00 
1960 9.978644e-01 0.000000e+00 
2040 6.304431e-01 0.000000e+00 
];
