version = 'gemm_4x1_raw';
gemm_my = [
40 2.666667e+00 0.000000e+00 
120 2.410042e+00 0.000000e+00 
200 2.521671e+00 0.000000e+00 
280 2.297316e+00 0.000000e+00 
360 1.896971e+00 0.000000e+00 
440 1.831697e+00 0.000000e+00 
520 1.831358e+00 0.000000e+00 
600 1.798703e+00 0.000000e+00 
680 1.724966e+00 0.000000e+00 
760 1.762559e+00 0.000000e+00 
840 1.736248e+00 0.000000e+00 
920 1.646183e+00 0.000000e+00 
1000 1.670990e+00 0.000000e+00 
1080 1.619687e+00 0.000000e+00 
1160 1.555498e+00 0.000000e+00 
1240 1.498374e+00 0.000000e+00 
1320 1.448304e+00 0.000000e+00 
1400 1.329344e+00 0.000000e+00 
1480 1.325411e+00 0.000000e+00 
1560 1.281570e+00 0.000000e+00 
1640 1.204320e+00 0.000000e+00 
1720 1.130829e+00 0.000000e+00 
1800 1.129776e+00 0.000000e+00 
1880 1.054876e+00 0.000000e+00 
1960 1.066398e+00 0.000000e+00 
2040 9.359576e-01 0.000000e+00 
];
