version = 'gemm_8x8_blocking_pack_b_sse';
gemm_my = [
40 9.142857e+00 1.907349e-06 
120 8.838875e+00 5.722046e-06 
200 9.650181e+00 1.239777e-05 
280 9.607002e+00 1.716614e-05 
360 9.644651e+00 2.479553e-05 
440 9.584158e+00 3.433228e-05 
520 9.608966e+00 3.433228e-05 
600 9.651906e+00 3.814697e-05 
680 9.643674e+00 4.196167e-05 
760 9.701663e+00 6.484985e-05 
840 9.669853e+00 6.484985e-05 
920 9.437384e+00 6.866455e-05 
1000 9.627373e+00 8.773804e-05 
1080 9.317500e+00 8.010864e-05 
1160 9.634268e+00 1.182556e-04 
1240 9.521314e+00 1.144409e-04 
1320 9.565882e+00 1.182556e-04 
1400 9.291364e+00 1.335144e-04 
1480 9.574289e+00 1.144409e-04 
1560 9.582336e+00 1.411438e-04 
1640 9.520174e+00 1.373291e-04 
1720 7.608672e+00 1.373291e-04 
1800 9.441400e+00 1.373291e-04 
1880 9.454241e+00 1.564026e-04 
1960 9.362637e+00 1.449585e-04 
2040 9.534037e+00 1.678467e-04 
];
